11 -1 12 -1 8 -1 11 -1 10 -1 9 -1 12 -1 12 -1 12 -1 12 -1 12 -1 12 -1 12 -1 12 -1 12 -1 12 -1 12 -1 12 -1 8 -1 5 -1 3 -1 2 -1 10 -1 10 -1 10 -1 11 -1 12 -1 12 -1 12 -1 12 -1 12 -1 12 -1 12 -1 11 -2
11 -1 12 -1 11 -1 12 -1 11 -1 10 -1 8 -1 7 -2
11 -1 12 -1 10 -1 5 -1 2 -1 3 -1 12 -1 11 -1 10 -1 3 -1 10 -1 10 -1 10 -1 10 -1 12 -1 11 -1 12 -1 11 -1 11 -1 3 -1 6 -1 11 -1 6 -1 11 -1 12 -1 11 -1 7 -1 2 -1 12 -1 10 -1 11 -2
11 -1 2 -1 11 -1 12 -1 12 -1 11 -1 3 -1 3 -1 4 -1 6 -1 12 -1 2 -1 11 -1 12 -2
5 -1 6 -2
1 -1 6 -1 12 -2
3 -1 7 -2
3 -1 4 -1 8 -1 9 -2
2 -1 5 -1 11 -2
1 -1 4 -1 5 -1 6 -2
1 -1 2 -1 3 -1 4 -2
7 -1 8 -1 9 -1 10 -2
4 -1 8 -2
1 -1 2 -1 3 -2
1 -1 2 -1 7 -2
1 -1 3 -1 5 -2
2 -1 4 -1 6 -1 8 -2
5 -1 10 -1 11 -1 12 -2
2 -1 3 -1 4 -2
11 -1 12 -1 11 -1 10 -1 7 -1 8 -1 11 -1 12 -1 7 -1 12 -1 10 -1 11 -1 12 -1 11 -1 2 -1 11 -1 2 -1 2 -1 10 -1 11 -1 12 -1 8 -2
11 -1 12 -1 11 -1 12 -1 12 -1 11 -1 10 -1 11 -1 11 -1 12 -1 10 -1 10 -1 8 -1 9 -1 11 -1 11 -1 11 -1 12 -2
